version https://git-lfs.github.com/spec/v1
oid sha256:2cf5a6083e55e30360ba23a0eb918e79b33b0e60b89d9daf2c23b1b59c9aabb9
size 283033
