version https://git-lfs.github.com/spec/v1
oid sha256:ae1f9ea503d567e749844603ec54d25829a2d10ae8b2fd91b9c54d33ed8e3bcf
size 280625
