version https://git-lfs.github.com/spec/v1
oid sha256:ec6cd2f3b263145ee1022ef1751a81154f8e59f5068750a858dd22fca5bd3ca0
size 163423
