version https://git-lfs.github.com/spec/v1
oid sha256:070e87801ab44c71f327b705055ebc62a9e714ec46e6e43563987957bda5bfb5
size 281611
