version https://git-lfs.github.com/spec/v1
oid sha256:c56da6f0f101d88aecb0780b3e7c29650db3a5fd438d3351f711d89bdeafac96
size 161405
