version https://git-lfs.github.com/spec/v1
oid sha256:97aabff9fff4a56992d176ae0283c0ab9a1d857f91ad93cb07502663055bb3e9
size 285754
