version https://git-lfs.github.com/spec/v1
oid sha256:9e374c828889fa93e58d2d9ddd0f466e7032fc52adc19083f280855631c57d9d
size 4218
