version https://git-lfs.github.com/spec/v1
oid sha256:962b02edfb94cf6e484ae718d2dd32d3dee8d5f3d24e884e55ede7d8c947f430
size 4195
