version https://git-lfs.github.com/spec/v1
oid sha256:6ccd5c3ea5b13796695f9757eb85de1e7bf70e1f7471a3dd1d2d6e2ede85310c
size 4197
