version https://git-lfs.github.com/spec/v1
oid sha256:95b557838437c9dfeaaea9c7a325e6ce6bf20b4347958799a86c28fe3d4c05cf
size 4277
