version https://git-lfs.github.com/spec/v1
oid sha256:79a86a4555a308d268c76de7bac7ef013675815a534ff2878d6abc1bfa921ada
size 4226
