version https://git-lfs.github.com/spec/v1
oid sha256:393a1f52e148b40d702615162b7c9f52ed92138b70ef6ed75229b5cf9059762a
size 4295
