version https://git-lfs.github.com/spec/v1
oid sha256:d3280ef6aac9c2614dd7d9d3253826cd73a6c223d09be700ba9029fee9ec9b70
size 4237
